1 1000000000011101 0000000000000000
1 0100100110000101 0000000000000001
1 0001000110111101 0000000000000010
1 0100110110000101 0000000000000011
1 0110000000000011 0000000000000100
1 0001010000000000 0000000000000101
1 0010011001000000 0000000000000110
1 0010011011011000 0000000000000111
1 0001011011000000 0000000000001000
1 0000100100010001 0000000000001001
1 0000000000000000 0000000000001010
1 0010110110110010 0000000000001011
1 1100110101111010 0000000000001100
1 0101100101010110 0000000000001101
1  0000000000000001 0000000000010100
1  1111111111111111 0000000000010101
1  1111111111111111 0000000000010111
1  0000000001000101 0000000000011000
1 0001011011000001 0000000000011101
1 0001110110010111 0000000000011110
1 0101000110000100 0000000000011111
1 0100000110000000 0000000000100000
1 0100001110000001 0000000000100001
1 1100101001001100 0000000000100010
1 0000010010000000 0000000000100011
1 0000100100011010 0000000000100100
1 0001001001111111 0000000000100101
1 0001111111111100 0000000000100110
1 0001000110000010 0000000000101110
1 0111000000010100 0000000000101111
1 0001011011111111 0000000000110000
1 0101011110000101 0000000000110001
1 0100111110000100 0000000000110010
0 0000000000000000 0000000000000000
