1 0011010000000001 0000000000000000
1 0100001010000000 0000000000000001
1 1001011001000000 0000000000000010
1 0100100010001010 0000000000000011
1 0000111101110001 0000000000000100 
1 0011101000000001 0000000000000111
1 0011110000000001 0000000000001000
1 1100110101101010 0000000000001001
1 0111010011101001 0000000000110010
1 0000000000110010 0000000010000000
1 0000000000000011 0000000010000001
1 0000000000000011 0000000010000001
1 0000000000000100 0000000010000010
1 0000000000000101 0000000010000011
1 0000000000000011 0000000010000100
1 0000000000000100 0000000010000101
1 0000000000001000 0000000010000110
1 0000000000001001 0000000010000111
1 0000000000001010 0000000010001000
1 0000000000000000 0000000010001001
0 0000000000000000 0000000000000000
