0000000000000000   000   1   0000000000000000   0
0000000000000001   000   1   0000000000000000   0
0000000000000010   001   1   0000000000000000   1
0000000000000011   000   0   0000000000000010   0
0000000000000100   010   1   0000000000000000   2
0000000000000101   000   0   0000000000000100   0
0000000000000110   001   0   0000000000000100   1
0000000000000111   000   0   0000000000000110   0
0000000000001000   011   1   0000000000000000   3
0000000000001001   000   0   0000000000001000   0
0000000000001010   001   0   0000000000001000   1
0000000000001011   000   0   0000000000001010   0
0000000000001100   010   0   0000000000001000   2
0000000000001101   000   0   0000000000001100   0
0000000000001110   001   0   0000000000001100   1
0000000000001111   000   0   0000000000001110   0
0000000000010000   100   1   0000000000000000   4
0000000000010001   000   0   0000000000010000   0
0000000000010010   001   0   0000000000010000   1
0000000000010011   000   0   0000000000010010   0
0000000000010100   010   0   0000000000010000   2
0000000000010101   000   0   0000000000010100   0
0000000000010110   001   0   0000000000010100   1
0000000000010111   000   0   0000000000010110   0
0000000000011000   011   0   0000000000010000   3
0000000000011001   000   0   0000000000011000   0
0000000000011010   001   0   0000000000011000   1
0000000000011011   000   0   0000000000011010   0
0000000000011100   010   0   0000000000011000   2
0000000000011101   000   0   0000000000011100   0
0000000000011110   001   0   0000000000011100   1
0000000000011111   000   0   0000000000011110   0
0000000000100000   101   1   0000000000000000   5
0000000000100001   000   0   0000000000100000   0
0000000000100010   001   0   0000000000100000   1
0000000000100011   000   0   0000000000100010   0
0000000000100100   010   0   0000000000100000   2
0000000000100101   000   0   0000000000100100   0
0000000000100110   001   0   0000000000100100   1
0000000000100111   000   0   0000000000100110   0
0000000000101000   011   0   0000000000100000   3
0000000000101001   000   0   0000000000101000   0
0000000000101010   001   0   0000000000101000   1
0000000000101011   000   0   0000000000101010   0
0000000000101100   010   0   0000000000101000   2
0000000000101101   000   0   0000000000101100   0
0000000000101110   001   0   0000000000101100   1
0000000000101111   000   0   0000000000101110   0
0000000000110000   100   0   0000000000100000   4
0000000000110001   000   0   0000000000110000   0
0000000000110010   001   0   0000000000110000   1
0000000000110011   000   0   0000000000110010   0
0000000000110100   010   0   0000000000110000   2
0000000000110101   000   0   0000000000110100   0
0000000000110110   001   0   0000000000110100   1
0000000000110111   000   0   0000000000110110   0
0000000000111000   011   0   0000000000110000   3
0000000000111001   000   0   0000000000111000   0
0000000000111010   001   0   0000000000111000   1
0000000000111011   000   0   0000000000111010   0
0000000000111100   010   0   0000000000111000   2
0000000000111101   000   0   0000000000111100   0
0000000000111110   001   0   0000000000111100   1
0000000000111111   000   0   0000000000111110   0
0000000001000000   110   1   0000000000000000   6
0000000001000001   000   0   0000000001000000   0
0000000001000010   001   0   0000000001000000   1
0000000001000011   000   0   0000000001000010   0
0000000001000100   010   0   0000000001000000   2
0000000001000101   000   0   0000000001000100   0
0000000001000110   001   0   0000000001000100   1
0000000001000111   000   0   0000000001000110   0
0000000001001000   011   0   0000000001000000   3
0000000001001001   000   0   0000000001001000   0
0000000001001010   001   0   0000000001001000   1
0000000001001011   000   0   0000000001001010   0
0000000001001100   010   0   0000000001001000   2
0000000001001101   000   0   0000000001001100   0
0000000001001110   001   0   0000000001001100   1
0000000001001111   000   0   0000000001001110   0
0000000001010000   100   0   0000000001000000   4
0000000001010001   000   0   0000000001010000   0
0000000001010010   001   0   0000000001010000   1
0000000001010011   000   0   0000000001010010   0
0000000001010100   010   0   0000000001010000   2
0000000001010101   000   0   0000000001010100   0
0000000001010110   001   0   0000000001010100   1
0000000001010111   000   0   0000000001010110   0
0000000001011000   011   0   0000000001010000   3
0000000001011001   000   0   0000000001011000   0
0000000001011010   001   0   0000000001011000   1
0000000001011011   000   0   0000000001011010   0
0000000001011100   010   0   0000000001011000   2
0000000001011101   000   0   0000000001011100   0
0000000001011110   001   0   0000000001011100   1
0000000001011111   000   0   0000000001011110   0
0000000001100000   101   0   0000000001000000   5
0000000001100001   000   0   0000000001100000   0
0000000001100010   001   0   0000000001100000   1
0000000001100011   000   0   0000000001100010   0
0000000001100100   010   0   0000000001100000   2
0000000001100101   000   0   0000000001100100   0
0000000001100110   001   0   0000000001100100   1
0000000001100111   000   0   0000000001100110   0
0000000001101000   011   0   0000000001100000   3
0000000001101001   000   0   0000000001101000   0
0000000001101010   001   0   0000000001101000   1
0000000001101011   000   0   0000000001101010   0
0000000001101100   010   0   0000000001101000   2
0000000001101101   000   0   0000000001101100   0
0000000001101110   001   0   0000000001101100   1
0000000001101111   000   0   0000000001101110   0
0000000001110000   100   0   0000000001100000   4
0000000001110001   000   0   0000000001110000   0
0000000001110010   001   0   0000000001110000   1
0000000001110011   000   0   0000000001110010   0
0000000001110100   010   0   0000000001110000   2
0000000001110101   000   0   0000000001110100   0
0000000001110110   001   0   0000000001110100   1
0000000001110111   000   0   0000000001110110   0
0000000001111000   011   0   0000000001110000   3
0000000001111001   000   0   0000000001111000   0
0000000001111010   001   0   0000000001111000   1
0000000001111011   000   0   0000000001111010   0
0000000001111100   010   0   0000000001111000   2
0000000001111101   000   0   0000000001111100   0
0000000001111110   001   0   0000000001111100   1
0000000001111111   000   0   0000000001111110   0
0000000010000000   111   1   0000000000000000   7
0000000010000001   000   0   0000000010000000   0
0000000010000010   001   0   0000000010000000   1
0000000010000011   000   0   0000000010000010   0
0000000010000100   010   0   0000000010000000   2
0000000010000101   000   0   0000000010000100   0
0000000010000110   001   0   0000000010000100   1
0000000010000111   000   0   0000000010000110   0
0000000010001000   011   0   0000000010000000   3
0000000010001001   000   0   0000000010001000   0
0000000010001010   001   0   0000000010001000   1
0000000010001011   000   0   0000000010001010   0
0000000010001100   010   0   0000000010001000   2
0000000010001101   000   0   0000000010001100   0
0000000010001110   001   0   0000000010001100   1
