11 000 000 110 0000000000000000 0000000000000000 1000000000001111 1111000000000000 0000000000000000
10 000 000 001 0000000000000000 0000000000000000 0000000000011111 0000000000000000 1111000000000000
00 110 001 000 0000000000011111 0000000000001111 0000000000000000 0000000000000000 1111000000000000
00 111 111 000 0000000000011111 0000000000001111 0000000000000000 0000000000000000 1111000000000000
00 001 111 000 0000000000011111 0000000000001111 0000000000000000 0000000000000000 1111000000000000
00 001 110 000 0000000000011111 0000000000001111 0000000000000000 0000000000000000 1111000000000000
00 001 111 000 0000000000011111 0000000000001111 0000000000000000 0000000000000000 1111000000000000
00 001 010 000 0000000000011111 0000000000001111 0000000000000000 0000000000000000 1111000000000000
00 001 010 000 0000000000011111 0000000000001111 0000000000000000 0000000000000000 1111000000000000
00 001 010 000 0000000000011111 0000000000001111 0000000000000000 0000000000000000 1111000000000000
00 001 010 000 0000000000011111 0000000000001111 0000000000000000 0000000000000000 1111000000000000
00 001 010 000 0000000000011111 0000000000001111 0000000000000000 0000000000000000 1111000000000000
00 001 010 000 0000000000011111 0000000000001111 0000000000000000 0000000000000000 1111000000000000
00 001 010 000 0000000000011111 0000000000001111 0000000000000000 0000000000000000 1111000000000000
00 001 010 000 0000000000011111 0000000000001111 0000000000000000 0000000000000000 1111000000000000
00 001 010 000 0000000000011111 0000000000001111 0000000000000000 0000000000000000 1111000000000000
00 001 010 000 0000000000011111 0000000000001111 0000000000000000 0000000000000000 1111000000000000
